0,382009;0,063365;0,018382;0,067017;0,054260;0,010569;0,099986;0,304413;0
0,430990;0,042308;0,020192;0,058207;0,026042;0,003479;0,047394;0,371389;1
0,500132;0,034719;0,011393;0,033315;0,013723;0,004649;0,011607;0,390462;2
0,431417;0,059052;0,004222;0,037923;0,020782;0,024160;0,016246;0,406199;3
0,592672;0,003743;0,023916;0,020070;0,008189;0,005290;0,001261;0,344859;4
0,444967;0,078451;0,011648;0,036001;0,008993;0,013265;0,027242;0,379435;5
0,491862;0,051320;0,015045;0,036245;0,027547;0,010976;0,025564;0,341441;6
0,511607;0,072611;0,017476;0,042460;0,008443;0,017232;0,046163;0,284007;7
0,454742;0,100596;0,031118;0,013987;0,004364;0,010122;0,062236;0,322835;8
0,438009;0,063812;0,019857;0,019938;0,014781;0,005259;0,058065;0,380280;9
0,411407;0,106445;0,003937;0,045105;0,018026;0,005727;0,048269;0,361084;10
0,434825;0,067790;0,064240;0,046865;0,019501;0,023366;0,019633;0,323781;11
0,463511;0,106181;0,019023;0,040456;0,011810;0,008606;0,043101;0,307312;12
0,459239;0,047760;0,054036;0,046773;0,029826;0,012838;0,018097;0,331431;13
0,430440;0,001078;0,017202;0,083720;0,029236;0,027130;0,001709;0,409485;14
0,470622;0,049296;0,007548;0,072611;0,016602;0,003764;0,027405;0,352153;15
0,475403;0,042318;0,008514;0,017965;0,012390;0,018473;0,025503;0,399434;16
0,535970;0,063446;0,011749;0,059092;0,018382;0,002502;0,006643;0,302216;17
0,524516;0,058350;0,008219;0,034098;0,004344;0,033040;0,028453;0,308980;18
0,469727;0,034821;0,014893;0,045837;0,038177;0,017222;0,030691;0,348633;19
0,451304;0,043498;0,008158;0,019135;0,005636;0,004679;0,046224;0,421366;20
0,449443;0,062480;0,002035;0,021800;0,006866;0,004079;0,016764;0,436534;21
0,468821;0,063049;0,006897;0,020315;0,017476;0,005575;0,039073;0,378794;22
0,490407;0,044942;0,002268;0,014201;0,007273;0,009023;0,009084;0,422801;23
0,513885;0,028147;0,001139;0,011241;0,004283;0,001058;0,010732;0,429515;24
0,445475;0,067963;0,022451;0,011169;0,008555;0,023722;0,044922;0,375743;25
0,455241;0,099182;0,010569;0,017253;0,008036;0,015879;0,015045;0,378794;26
0,466237;0,041982;0,002909;0,028158;0,014201;0,003825;0,036977;0,405711;27
0,495972;0,058736;0,030701;0,021678;0,001027;0,007741;0,002299;0,381846;28
0,483999;0,038228;0,016530;0,019633;0,010752;0,002563;0,044657;0,383636;29
0,479889;0,036621;0,027527;0,020559;0,015778;0,005859;0,039541;0,374227;30
0,501048;0,006826;0,017975;0,037669;0,028158;0,024150;0,002207;0,381968;31
0,531342;0,054220;0,003337;0,020864;0,006622;0,002004;0,015238;0,366374;32
0,433695;0,018656;0,017181;0,023102;0,044902;0,010661;0,062347;0,389455;33
0,374257;0,006012;0,101980;0,068044;0,007985;0,013947;0,005219;0,422557;34
0,412435;0,065847;0,001740;0,069346;0,021729;0,000020;0,159088;0,269796;35
0,403849;0,143707;0,011902;0,074982;0,046244;0,009806;0,043711;0,265798;36
0,439473;0,084625;0,008464;0,055908;0,022044;0,031820;0,034434;0,323232;37
0,493856;0,060750;0,004761;0,018199;0,021647;0,014547;0,037842;0,348399;38
0,462280;0,069427;0,003113;0,008158;0,004069;0,024038;0,018463;0,410451;39
0,533966;0,059703;0,028737;0,016571;0,008616;0,010447;0,016256;0,325704;40
0,533366;0,042440;0,008423;0,010457;0,005636;0,009328;0,012777;0,377574;41
0,491180;0,057495;0,001658;0,014079;0,013092;0,010742;0,035899;0,375854;42
0,474080;0,033101;0,008464;0,008504;0,003774;0,002462;0,009969;0,459646;43
0,577423;0,068919;0,002350;0,043060;0,000641;0,000305;0,000692;0,306610;44
0,528910;0,048655;0,014008;0,029165;0,019877;0,009165;0,021871;0,328349;45
0,547119;0,053284;0,015879;0,036987;0,018514;0,009043;0,022654;0,296519;46
0,457509;0,058258;0,016591;0,014201;0,008179;0,011810;0,030080;0,403371;47
0,476115;0,057058;0,025482;0,045970;0,025299;0,015981;0,047373;0,306722;48
0,534231;0,036957;0,001587;0,006938;0,014109;0,003001;0,038737;0,364441;49
0,392212;0,152344;0,022766;0,036306;0,020121;0,013763;0,056529;0,305959;50
0,541941;0,016368;0,013906;0,026733;0,010386;0,006816;0,003092;0,380758;51
0,447561;0,039846;0,015808;0,013448;0,022207;0,038747;0,016825;0,405558;52
0,441508;0,027405;0,037506;0,055959;0,015849;0,023193;0,012370;0,386210;53
0,468597;0,105509;0,015106;0,027700;0,004679;0,014516;0,028625;0,335266;54
0,516317;0,076823;0,006500;0,012634;0,006470;0,016083;0,032379;0,332794;55
0,476390;0,059580;0,016663;0,052389;0,031850;0,006968;0,029022;0,327138;56
0,486684;0,108856;0,018768;0,050557;0,005391;0,010997;0,024892;0,293854;57
0,436289;0,108673;0,024353;0,028168;0,017497;0,017375;0,046417;0,321228;58
0,510986;0,047455;0,005086;0,026581;0,008728;0,006500;0,033142;0,361521;59
0,457733;0,084432;0,027679;0,029978;0,008352;0,015238;0,061015;0,315572;60
0,429576;0,065308;0,024567;0,012065;0,010213;0,019806;0,046346;0,392120;61
0,485026;0,065674;0,052917;0,032705;0,003723;0,009491;0,063324;0,287140;62
0,465037;0,016418;0,034648;0,045105;0,004283;0,004954;0,006266;0,423289;63
0,517690;0,035878;0,002696;0,018005;0,014750;0,004303;0,010071;0,396606;64
0,537618;0,045431;0,011658;0,032430;0,075409;0,000732;0,010203;0,286519;65
0,449829;0,064484;0,006744;0,024129;0,003652;0,006399;0,012665;0,432098;66
0,429097;0,094594;0,010752;0,033498;0,006887;0,007222;0,046783;0,371165;67
0,419973;0,040731;0,015798;0,047699;0,012227;0,000193;0,101725;0,361654;68
0,516144;0,117513;0,022013;0,062592;0,005473;0,055328;0,018636;0,202301;69
0,408610;0,043396;0,016144;0,042226;0,099559;0,009440;0,055450;0,325175;70
0,398214;0,018850;0,036123;0,072937;0,018606;0,043589;0,026652;0,385030;71
0,449778;0,052795;0,000112;0,037547;0,019491;0,005096;0,029348;0,405833;72
0,252126;0,012970;0,001933;0,024261;0,020559;0,000153;0,100789;0,587209;73
0,383942;0,026337;0,019185;0,009328;0,041321;0,028554;0,094096;0,397237;74
0,479340;0,053864;0,004903;0,009786;0,008006;0,017985;0,014008;0,412109;75
0,480530;0,056956;0,017670;0,061991;0,019653;0,046234;0,043477;0,273488;76
0,462484;0,034587;0,005686;0,025696;0,013560;0,015767;0,026235;0,415985;77
0,444417;0,146993;0,011424;0,035136;0,008962;0,006907;0,073313;0,272847;78
0,234487;0,015249;0,000509;0,014109;0,050385;0,000590;0,050680;0,633993;79
0,423696;0,105052;0,031087;0,043854;0,023560;0,018534;0,055013;0,299205;80
0,525706;0,069489;0,022685;0,045929;0,010071;0,007650;0,022288;0,296183;81
0,523254;0,043986;0,015086;0,022217;0,010763;0,006409;0,019999;0,358287;82
0,539113;0,052287;0,008199;0,013926;0,007406;0,008301;0,020986;0,349782;83
0,526103;0,030263;0,002787;0,040049;0,005381;0,002513;0,011220;0,381683;84
0,488586;0,062581;0,030080;0,034159;0,019694;0,009074;0,062286;0,293538;85
0,383820;0,062032;0,002869;0,083079;0,013102;0,013723;0,078674;0,362701;86
0,498016;0,039612;0,015055;0,042714;0,022085;0,013723;0,024933;0,343862;87
0,322632;0,069641;0,010000;0,189423;0,059194;0,004639;0,048533;0,295939;88
0,560923;0,005147;0,020528;0,029877;0,013245;0,014394;0,001597;0,354289;89
0,504374;0,003113;0,030731;0,095662;0,014282;0,006734;0,005147;0,339956;90
0,452718;0,046316;0,031362;0,020874;0,021383;0,013652;0,034149;0,379547;91
0,473358;0,074066;0,004181;0,013753;0,015686;0,007935;0,023549;0,387472;92
0,506968;0,016296;0,004598;0,014069;0,024078;0,003143;0,005564;0,425283;93
0,440186;0,061707;0,020142;0,055745;0,032928;0,008382;0,060333;0,320577;94
0,533681;0,026194;0,003489;0,027639;0,002502;0,000407;0,003947;0,402140;95
0,497559;0,042308;0,001841;0,016296;0,015594;0,001851;0,023549;0,401001;96
0,374481;0,070333;0,013438;0,041992;0,023132;0,020701;0,047343;0,408580;97
0,462555;0,031728;0,043315;0,024882;0,015889;0,011678;0,025319;0,384633;98
0,483215;0,051056;0,021067;0,011739;0,015137;0,007874;0,053528;0,356384;99
0,392476;0,059224;0,016581;0,079213;0,043020;0,003927;0,101451;0,304108;100
0,169830;0,060689;0,000000;0,097107;0,173686;0,000275;0,070150;0,428263;101
0,255910;0,053416;0,000661;0,083995;0,141876;0,000031;0,096466;0,367645;102
0,428223;0,018178;0,000081;0,060760;0,004578;0,000173;0,000163;0,487844;103
0,228434;0,074687;0,016551;0,085612;0,144796;0,000509;0,037201;0,412211;104
0,334869;0,069967;0,026693;0,112152;0,083435;0,128855;0,009084;0,234945;105
0,195129;0,030131;0,000092;0,116364;0,260234;0,000631;0,049286;0,348134;106
0,237498;0,093658;0,000122;0,048055;0,033152;0,001617;0,225494;0,360402;107
0,243764;0,074087;0,066294;0,058258;0,015462;0,015157;0,087728;0,439250;108
0,477346;0,016469;0,000834;0,020315;0,005636;0,001943;0,015208;0,462250;109
0,344991;0,084564;0,005758;0,073161;0,178365;0,000987;0,007904;0,304270;110
0,224325;0,082916;0,002604;0,105794;0,230530;0,009501;0,125285;0,219045;111
0,150289;0,171417;0,004618;0,087219;0,219055;0,000010;0,142008;0,225382;112
0,366984;0,013407;0,000610;0,011597;0,064748;0,000244;0,052175;0,490234;113
0,454956;0,055613;0,011841;0,055196;0,119720;0,000234;0,014140;0,288300;114
0,409159;0,023763;0,002706;0,017283;0,022573;0,000498;0,079631;0,444387;115
0,374410;0,084503;0,002787;0,114176;0,080393;0,000142;0,095144;0,248444;116
0,270233;0,063243;0,000132;0,081248;0,057953;0,000753;0,075175;0,451263;117
0,462931;0,024414;0,000153;0,036082;0,015045;0,000478;0,013153;0,447744;118
0,337413;0,012787;0,000193;0,017171;0,057607;0,000092;0,180664;0,394073;119
0,377869;0,018158;0,003469;0,075633;0,051646;0,001729;0,028809;0,442688;120
0,498688;0,005117;0,000254;0,023265;0,033020;0,035207;0,000041;0,404409;121
0,427877;0,053904;0,000122;0,033122;0,067525;0,000214;0,037445;0,379791;122
0,215017;0,035665;0,006521;0,071950;0,056112;0,001444;0,006012;0,607279;123
0,481517;0,026204;0,001750;0,044912;0,034546;0,000305;0,017436;0,393331;124
0,373108;0,117747;0,014028;0,050547;0,143077;0,007121;0,009043;0,285329;125
0,102722;0,117706;0,000000;0,140127;0,245921;0,001048;0,249176;0,143300;126
0,266490;0,014252;0,003540;0,034037;0,178975;0,000234;0,152893;0,349579;127
0,355174;0,015015;0,000610;0,012451;0,107188;0,001333;0,066976;0,441254;128
0,459808;0,041718;0,001170;0,044322;0,080505;0,000773;0,049398;0,322306;129
0,253326;0,112223;0,000142;0,132558;0,053355;0,002726;0,073212;0,372457;130
0,224202;0,063619;0,000071;0,192444;0,060089;0,000122;0,049042;0,410411;131
0,239512;0,056183;0,001180;0,100220;0,264740;0,000875;0,064097;0,273193;132
0,283732;0,066376;0,001027;0,067546;0,227773;0,016327;0,103628;0,233592;133
0,340271;0,024445;0,019328;0,048482;0,155406;0,002828;0,026733;0,382507;134
0,395671;0,017202;0,005239;0,035909;0,109375;0,000356;0,076792;0,359456;135
0,206716;0,117503;0,025075;0,176666;0,185750;0,000051;0,084096;0,204142;136
0,175903;0,035421;0,000132;0,168498;0,086660;0,000692;0,105438;0,427256;137
0,272390;0,034231;0,038818;0,050842;0,096588;0,004354;0,021047;0,481730;138
0,299133;0,032420;0,000336;0,062592;0,049520;0,001272;0,035319;0,519409;139
0,417674;0,036957;0,002635;0,019094;0,036316;0,001434;0,020925;0,464966;140
0,313344;0,048960;0,000437;0,103526;0,201925;0,000061;0,112335;0,219411;141
0,250092;0,063171;0,019684;0,111247;0,200378;0,005646;0,123423;0,226359;142
0,380442;0,034210;0,005686;0,102163;0,093658;0,007517;0,020355;0,355967;143
0,492269;0,009664;0,003662;0,024974;0,012044;0,001424;0,005320;0,450643;144
0,354228;0,013428;0,000326;0,010783;0,040476;0,001343;0,012960;0,566457;145
0,401021;0,021912;0,000122;0,052745;0,035634;0,001353;0,133626;0,353587;146
0,297496;0,065440;0,007497;0,067647;0,174154;0,001404;0,074860;0,311503;147
0,406484;0,044942;0,000000;0,038198;0,017273;0,047262;0,000366;0,445475;148
0,154795;0,028392;0,002838;0,302195;0,216909;0,000631;0,065674;0,228566;149
0,288890;0,026011;0,004659;0,090983;0,053457;0,000295;0,034800;0,500905;150
0,305247;0,025543;0,036041;0,081024;0,191895;0,000041;0,118459;0,241750;151
0,177948;0,020376;0,000417;0,009328;0,074351;0,000773;0,114807;0,602000;152
0,472056;0,003011;0,021718;0,023102;0,011159;0,010935;0,004700;0,453318;153
0,314748;0,014160;0,000875;0,045929;0,194122;0,012166;0,000071;0,417928;154
0,387990;0,125529;0,000183;0,112539;0,125427;0,000010;0,010213;0,238108;155
0,186401;0,061625;0,000793;0,037394;0,208679;0,001882;0,294464;0,208761;156
0,282176;0,012655;0,007009;0,151001;0,175039;0,001719;0,078339;0,292063;157
0,307729;0,027262;0,000132;0,160024;0,005422;0,000407;0,002258;0,496765;158
0,284983;0,027039;0,000000;0,135457;0,025289;0,001648;0,186798;0,338786;159
0,512044;0,018087;0,001811;0,018300;0,008667;0,007233;0,002818;0,431040;160
0,180979;0,128011;0,020040;0,099172;0,077037;0,003296;0,250387;0,241079;161
0,243378;0,052246;0,000051;0,148519;0,142151;0,000376;0,116394;0,296885;162
0,306793;0,013672;0,045420;0,029867;0,030894;0,004161;0,088135;0,481059;163
0,519358;0,035034;0,000122;0,034363;0,000417;0,000183;0,000234;0,410288;164
0,382955;0,032949;0,001099;0,019806;0,183177;0,001129;0,008535;0,370351;165
0,311035;0,023905;0,002858;0,025157;0,171570;0,001251;0,145396;0,318827;166
0,470835;0,038554;0,012207;0,005361;0,007009;0,017904;0,070099;0,378031;167
0,340892;0,049947;0,000010;0,057627;0,166819;0,000102;0,132955;0,251648;168
0,292735;0,040344;0,000112;0,026886;0,314830;0,002757;0,044566;0,277771;169
0,467265;0,015157;0,001444;0,028473;0,041494;0,002187;0,019389;0,424591;170
0,381368;0,050852;0,001729;0,080841;0,059937;0,000163;0,094279;0,330831;171
0,227804;0,072357;0,003988;0,206726;0,195984;0,016927;0,129049;0,147166;172
0,339091;0,027740;0,009715;0,056620;0,196198;0,002035;0,028188;0,340413;173
0,420308;0,064280;0,016663;0,049133;0,029582;0,011108;0,073700;0,335225;174
0,401469;0,030182;0,009176;0,054667;0,080495;0,002513;0,107666;0,313833;175
0,259694;0,036764;0,000112;0,086660;0,131582;0,000102;0,236847;0,248240;176
0,253052;0,029002;0,000824;0,160614;0,060811;0,000020;0,208089;0,287587;177
0,404297;0,043996;0,004435;0,048584;0,161713;0,000346;0,004486;0,332143;178
0,284902;0,028798;0,002380;0,058421;0,130564;0,000926;0,135071;0,358938;179
0,158844;0,024740;0,033081;0,217957;0,259450;0,000539;0,080302;0,225087;180
0,301737;0,042908;0,004730;0,064555;0,216532;0,000112;0,160665;0,208761;181
0,546244;0,022685;0,010752;0,012746;0,003153;0,001506;0,041168;0,361745;182
0,437663;0,037384;0,042674;0,108948;0,062388;0,000326;0,011088;0,299530;183
0,237030;0,107249;0,000366;0,090281;0,114024;0,000122;0,090007;0,360921;184
0,254059;0,042104;0,000031;0,118296;0,287476;0,000437;0,022634;0,274963;185
0,193787;0,016459;0,085307;0,200246;0,274984;0,001658;0,037872;0,189687;186
0,428101;0,013468;0,012431;0,023499;0,108388;0,000468;0,026855;0,386790;187
0,488068;0,016632;0,001953;0,028514;0,058105;0,000051;0,021922;0,384755;188
0,481120;0,018219;0,005035;0,034210;0,120249;0,000163;0,032542;0,308462;189
0,470327;0,035929;0,006948;0,029460;0,015747;0,010925;0,020162;0,410502;190
0,154388;0,051412;0,000326;0,177511;0,324483;0,001302;0,094493;0,196086;191
0,224792;0,039937;0,039195;0,046193;0,062358;0,001109;0,098806;0,487610;192
0,343791;0,078929;0,003632;0,068003;0,106740;0,004191;0,015167;0,379547;193
0,221354;0,028758;0,023387;0,076101;0,372467;0,000712;0,024872;0,252350;194
0,165995;0,077047;0,002706;0,099894;0,190267;0,000641;0,085002;0,378448;195
0,473887;0,043467;0,000804;0,023499;0,075226;0,000916;0,018270;0,363932;196
0,304759;0,015818;0,002991;0,017975;0,095754;0,000132;0,082245;0,480326;197
0,222972;0,015554;0,002675;0,014465;0,133555;0,000132;0,115651;0,494995;198
0,376333;0,001658;0,019430;0,096903;0,078552;0,012533;0,000600;0,413991;199
0,331584;0,048940;0,000163;0,074717;0,038462;0,000020;0,198049;0,308065;200
0,534231;0,026449;0,000031;0,015269;0,000122;0,000244;0,000163;0,423492;201
0,284688;0,046183;0,000092;0,080790;0,014903;0,000061;0,148122;0,425161;202
0,420390;0,036692;0,000407;0,073934;0,001038;0,000071;0,054942;0,412526;203
0,292735;0,060811;0,000732;0,148560;0,087219;0,000031;0,130514;0,279399;204
0,220347;0,035502;0,000010;0,086843;0,271291;0,000102;0,109578;0,276326;205
0,428487;0,040161;0,001689;0,043722;0,052541;0,000132;0,013011;0,420258;206
0,481750;0,018951;0,000132;0,012614;0,001516;0,000305;0,001434;0,483297;207
0,536550;0,010356;0,000621;0,012461;0,002065;0,000122;0,003286;0,434540;208
0,549754;0,011444;0,004690;0,034617;0,006632;0,001658;0,003174;0,388031;209
0,509288;0,017537;0,010661;0,049967;0,002960;0,001780;0,001272;0,406535;210
0,448680;0,019999;0,000102;0,033763;0,060933;0,000000;0,008504;0,428019;211
0,468811;0,017792;0,013306;0,044993;0,018840;0,002716;0,007782;0,425761;212
0,427999;0,023000;0,000366;0,038198;0,186666;0,000010;0,124064;0,199697;213
0,268707;0,022054;0,000275;0,051849;0,226817;0,000081;0,152191;0,278025;214
0,292216;0,021149;0,000031;0,081787;0,166372;0,000031;0,131907;0,306508;215
0,525889;0,008128;0,000275;0,016276;0,003540;0,000010;0,000590;0,445292;216
0,443522;0,025706;0,002645;0,056620;0,001109;0,000570;0,001475;0,468353;217
0,360779;0,011648;0,000173;0,211202;0,050985;0,006999;0,049571;0,308645;218
0,333486;0,048848;0,000285;0,101329;0,000387;0,000051;0,093486;0,422129;219
0,423838;0,016917;0,000000;0,063090;0,125559;0,000000;0,069946;0,300649;220
0,414714;0,004934;0,002452;0,010335;0,007467;0,000020;0,006744;0,553335;221
0,388153;0,051748;0,001638;0,088979;0,000824;0,000010;0,149628;0,319021;222
0,579569;0,010803;0,013306;0,072561;0,003387;0,000865;0,001027;0,318481;223
0,321167;0,014832;0,000203;0,054087;0,195638;0,000071;0,104299;0,309703;224
0,573069;0,016195;0,006460;0,035258;0,038239;0,001394;0,013275;0,316111;225
0,447540;0,055532;0,003662;0,047007;0,001211;0,003021;0,000641;0,441386;226
0,334096;0,030039;0,000783;0,100525;0,146962;0,000102;0,155660;0,231832;227
0,447266;0,029277;0,000559;0,057200;0,000814;0,000163;0,128255;0,336466;228
0,344462;0,067729;0,001170;0,147451;0,004100;0,000031;0,150553;0,284505;229
0,399485;0,036530;0,000926;0,074443;0,005178;0,000203;0,141663;0,341573;230
0,498779;0,023000;0,001750;0,057088;0,024577;0,002106;0,018270;0,374430;231
0,423981;0,022725;0,001231;0,057587;0,001628;0,000020;0,043701;0,449127;232
0,556834;0,009450;0,000956;0,012085;0,003326;0,000264;0,007619;0,409465;233
0,420156;0,001119;0,000010;0,000692;0,028839;0,024913;0,000854;0,523417;234
0,279063;0,019989;0,000478;0,053080;0,207102;0,000122;0,133901;0,306264;235
0,475179;0,024119;0,003784;0,043132;0,009450;0,002625;0,012024;0,429688;236
0,447021;0,007202;0,001404;0,013967;0,008677;0,000977;0,007762;0,512990;237
0,374095;0,084371;0,003764;0,095785;0,010254;0,000051;0,082316;0,349365;238
0,205668;0,044210;0,000010;0,126434;0,209605;0,000031;0,149343;0,264699;239
0,506022;0,018361;0,006541;0,026978;0,007792;0,002635;0,009247;0,422424;240
0,267863;0,076609;0,000071;0,112142;0,117228;0,000020;0,121785;0,304281;241
0,179057;0,043762;0,000336;0,110901;0,256205;0,000020;0,188670;0,221049;242
0,289683;0,035767;0,000142;0,089050;0,232066;0,000031;0,053365;0,299896;243
0,279938;0,027415;0,000102;0,087494;0,320903;0,000000;0,012665;0,271484;244
0,578491;0,011017;0,004842;0,059540;0,034760;0,002065;0,009298;0,299988;245
0,424754;0,034546;0,002513;0,040202;0,039836;0,000763;0,030345;0,427043;246
0,537323;0,006978;0,022919;0,025431;0,022013;0,004262;0,006897;0,374176;247
0,233897;0,029612;0,000031;0,045420;0,253988;0,000041;0,178741;0,258270;248
0,502055;0,047394;0,017568;0,068156;0,007050;0,003896;0,013692;0,340190;249
0,552012;0,007904;0,003001;0,018850;0,024770;0,002014;0,010783;0,380666;250
0,407338;0,026113;0,000753;0,056946;0,139496;0,001689;0,049856;0,317810;251
0,317159;0,040232;0,000142;0,045247;0,001678;0,000081;0,050751;0,544708;252
0,379964;0,039642;0,001719;0,045664;0,000305;0,000081;0,015483;0,517141;253
0,588735;0,019053;0,001617;0,021413;0,001119;0,000275;0,002126;0,365662;254
0,422892;0,015737;0,001841;0,026316;0,013285;0,001994;0,010946;0,506989;255
0,569082;0,009888;0,000315;0,009176;0,002370;0,000163;0,002248;0,406759;256
0,492208;0,081248;0,001475;0,030914;0,020640;0,000610;0,031209;0,341695;257
0,409556;0,026652;0,000122;0,030609;0,002635;0,000112;0,000254;0,530060;258
0,427775;0,038554;0,001160;0,039856;0,028910;0,001811;0,033183;0,428752;259
0,511556;0,016378;0,002655;0,037791;0,023265;0,002279;0,015798;0,390279;260
0,473755;0,030080;0,002024;0,043691;0,003805;0,000366;0,003387;0,442891;261
0,566579;0,013540;0,002157;0,010325;0,006256;0,000702;0,012472;0,387970;262
0,361196;0,033641;0,000081;0,060201;0,169301;0,000264;0,112061;0,263255;263
0,391734;0,020650;0,000092;0,063365;0,112233;0,000051;0,078949;0,332926;264
0,580241;0,015452;0,000559;0,005147;0,010122;0,001434;0,007131;0,379913;265
0,449117;0,010885;0,001241;0,014038;0,003998;0,001180;0,006836;0,512705;266
0,430206;0,023051;0,000214;0,043528;0,013458;0,000732;0,011047;0,477763;267
0,605245;0,016286;0,003448;0,022369;0,001821;0,000834;0,006205;0,343791;268
0,557831;0,018483;0,002197;0,017649;0,008484;0,001241;0,007772;0,386342;269
0,230876;0,030233;0,000122;0,077240;0,220734;0,000000;0,069071;0,371724;270
0,303996;0,056091;0,000010;0,051524;0,141215;0,000295;0,036916;0,409953;271
0,300120;0,034576;0,000010;0,065369;0,030945;0,000031;0,297892;0,271057;272
0,617462;0,007202;0,005046;0,055267;0,009532;0,000854;0,004313;0,300323;273
0,657969;0,007945;0,000142;0,020203;0,003774;0,000061;0,001719;0,308187;274
0,348958;0,015696;0,000061;0,045868;0,193522;0,000051;0,000539;0,395304;275
0,631999;0,004130;0,010396;0,016205;0,002482;0,000010;0,007833;0,326945;276
0,407450;0,026693;0,000722;0,028290;0,015839;0,001668;0,028015;0,491323;277
0,322561;0,045929;0,000031;0,083221;0,010020;0,000020;0,139353;0,398865;278
0,420461;0,040548;0,000061;0,067688;0,002401;0,000112;0,061747;0,406982;279
0,292603;0,032654;0,000132;0,103536;0,049957;0,000031;0,158305;0,362783;280
0,372579;0,021912;0,000071;0,114675;0,015645;0,000020;0,023376;0,451721;281
0,501790;0,027089;0,005920;0,051727;0,026031;0,001251;0,008921;0,377268;282
0,513947;0,021749;0,000356;0,028473;0,001048;0,000020;0,000814;0,433594;283
0,442169;0,026876;0,000458;0,055878;0,001221;0,000122;0,001394;0,471883;284
0,311564;0,057617;0,000132;0,116781;0,001099;0,000041;0,099233;0,413534;285
0,262044;0,042989;0,000214;0,184519;0,001048;0,000010;0,233042;0,276133;286
0,458639;0,024516;0,000387;0,063222;0,002828;0,000020;0,005269;0,445119;287
0,301676;0,064402;0,000041;0,137787;0,001516;0,000020;0,156311;0,338247;288
0,228892;0,056366;0,000214;0,182953;0,141703;0,000020;0,143748;0,246104;289
0,544942;0,018178;0,001017;0,017334;0,001322;0,000651;0,000793;0,415761;290
0,343282;0,106710;0,007375;0,020457;0,014140;0,001312;0,026876;0,479848;291
0,422190;0,045481;0,000010;0,029714;0,000234;0,000081;0,000224;0,502065;292
0,250254;0,065277;0,000102;0,137105;0,044179;0,000071;0,230632;0,272380;293
0,332743;0,036662;0,000102;0,097127;0,000437;0,000010;0,029724;0,503194;294
0,488800;0,007579;0,006866;0,012889;0,006632;0,000071;0,016266;0,460897;295
0,413086;0,061991;0,001200;0,014231;0,025859;0,000427;0,081502;0,401703;296
0,461843;0,018016;0,000193;0,051320;0,003764;0,000010;0,004679;0,460175;297
0,243103;0,049011;0,000081;0,132945;0,031433;0,000020;0,274719;0,268687;298
0,314077;0,041545;0,000051;0,053355;0,000854;0,000000;0,081645;0,508474;299
0,394175;0,133484;0,001953;0,012583;0,033244;0,001404;0,131175;0,291982;300
0,429423;0,073975;0,002319;0,006104;0,006785;0,002563;0,083364;0,395467;301
0,397166;0,154460;0,022319;0,007467;0,010223;0,000824;0,095133;0,312408;302
0,389832;0,164622;0,002787;0,018392;0,066996;0,006816;0,081563;0,268992;303
0,384359;0,082163;0,002991;0,022990;0,002625;0,000061;0,119609;0,385203;304
0,446543;0,014313;0,000183;0,013377;0,033976;0,000173;0,028249;0,463186;305
0,335948;0,212087;0,009145;0,001943;0,006114;0,001068;0,082743;0,350952;306
0,432465;0,068878;0,046733;0,009369;0,022695;0,007314;0,022522;0,390025;307
0,399648;0,085653;0,005981;0,005686;0,011943;0,000804;0,042745;0,447540;308
0,437734;0,021515;0,000214;0,021901;0,060008;0,000366;0,066142;0,392120;309
0,407216;0,118032;0,006480;0,010640;0,005747;0,000793;0,104055;0,347036;310
0,389303;0,165629;0,002777;0,031545;0,008962;0,000122;0,098450;0,303212;311
0,371867;0,085134;0,000020;0,062714;0,035350;0,003408;0,157542;0,283966;312
0,320160;0,164653;0,004344;0,005107;0,029928;0,002492;0,108927;0,364390;313
0,577352;0,015106;0,000641;0,017080;0,039571;0,000376;0,006663;0,343211;314
0,486226;0,081197;0,007050;0,004974;0,018697;0,000437;0,050364;0,351054;315
0,336080;0,209106;0,002675;0,003021;0,008809;0,003367;0,043518;0,393422;316
0,369639;0,220398;0,035868;0,001577;0,006968;0,015625;0,114756;0,235168;317
0,343272;0,038310;0,000956;0,102661;0,089183;0,005544;0,079915;0,340159;318
0,452718;0,053569;0,063568;0,021342;0,064921;0,003174;0,008850;0,331858;319
0,315521;0,253540;0,004659;0,002869;0,007222;0,003866;0,108348;0,303975;320
0,469655;0,026031;0,000000;0,015361;0,002452;0,000844;0,151408;0,334249;321
0,491252;0,126770;0,001902;0,004069;0,030487;0,004018;0,040487;0,301015;322
0,526764;0,009267;0,000163;0,005819;0,081767;0,000977;0,004201;0,371043;323
0,413676;0,038595;0,000580;0,126750;0,056366;0,064453;0,021423;0,278158;324
0,494568;0,076884;0,007416;0,009257;0,004913;0,004740;0,018361;0,383860;325
0,372447;0,126729;0,000326;0,126770;0,044373;0,000783;0,099426;0,229146;326
0,437205;0,167714;0,009827;0,004466;0,006053;0,004089;0,057292;0,313354;327
0,365224;0,068604;0,004791;0,036662;0,046672;0,000661;0,105621;0,371765;328
0,520508;0,044637;0,000112;0,016022;0,057536;0,004161;0,069224;0,287801;329
0,332703;0,195841;0,019023;0,028564;0,019918;0,003967;0,120331;0,279653;330
0,346741;0,149445;0,017466;0,000753;0,005859;0,003510;0,083659;0,392568;331
0,212941;0,289327;0,021016;0,000956;0,008230;0,001058;0,176351;0,290120;332
0,321035;0,085805;0,000305;0,047974;0,030233;0,000661;0,171407;0,342580;333
0,305990;0,165731;0,005900;0,004069;0,014791;0,003418;0,143402;0,356700;334
0,409424;0,078369;0,001526;0,004852;0,008179;0,000559;0,018992;0,478099;335
0,476501;0,029541;0,001841;0,013255;0,033610;0,001292;0,027568;0,416392;336
0,475108;0,025116;0,000427;0,014170;0,016927;0,005859;0,009338;0,453054;337
0,361206;0,063843;0,000112;0,081472;0,013560;0,003866;0,120687;0,355255;338
0,595439;0,012349;0,020742;0,041728;0,020518;0,004618;0,003164;0,301442;339
0,395569;0,055166;0,001149;0,055898;0,058665;0,001587;0,091064;0,340902;340
0,459401;0,061239;0,002920;0,023651;0,024333;0,002319;0,044118;0,382019;341
0,512522;0,097921;0,001465;0,015177;0,005788;0,002106;0,012767;0,352254;342
0,302419;0,086517;0,000295;0,095795;0,023834;0,002228;0,208069;0,280843;343
0,366618;0,271983;0,017415;0,004252;0,007375;0,007090;0,155101;0,170166;344
0,459676;0,017049;0,000946;0,016693;0,008240;0,000580;0,015920;0,480896;345
0,329427;0,167653;0,029358;0,007151;0,013051;0,002513;0,134827;0,316020;346
0,406871;0,134725;0,006399;0,040344;0,001292;0,000875;0,149831;0,259664;347
0,436198;0,068125;0,013631;0,081604;0,052429;0,001648;0,046102;0,300262;348
0,366811;0,012238;0,001465;0,060842;0,061015;0,003967;0,025909;0,467753;349
0,428843;0,014577;0,000641;0,116475;0,069092;0,012278;0,104624;0,253469;350
0,516500;0,026825;0,004608;0,013173;0,015594;0,000397;0,012909;0,409993;351
0,433136;0,128540;0,022186;0,006917;0,011169;0,001587;0,028727;0,367737;352
0,506856;0,063904;0,022227;0,013387;0,012675;0,013123;0,019501;0,348328;353
0,362915;0,230438;0,017426;0,012665;0,009674;0,002350;0,051351;0,313182;354
0,379333;0,081045;0,002869;0,055379;0,037374;0,005992;0,061951;0,376058;355
0,536702;0,028015;0,004506;0,017822;0,005524;0,002899;0,003682;0,400848;356
0,395020;0,118713;0,008586;0,039215;0,015116;0,000366;0,032074;0,390910;357
0,511902;0,032349;0,001282;0,031281;0,005737;0,000488;0,044586;0,372375;358
0,382426;0,019491;0,000336;0,092946;0,011414;0,000936;0,051697;0,440755;359
0,483276;0,049642;0,053507;0,018321;0,037140;0,009267;0,029958;0,318888;360
0,353729;0,097382;0,016123;0,005452;0,051188;0,002177;0,078166;0,395782;361
0,487356;0,029460;0,000763;0,050171;0,012482;0,002238;0,003611;0,413920;362
0,437429;0,047302;0,067474;0,010976;0,006592;0,007924;0,001363;0,420939;363
0,290924;0,209880;0,037089;0,000966;0,009705;0,007192;0,067037;0,377207;364
0,329610;0,064687;0,013916;0,038706;0,067586;0,003469;0,094716;0,387309;365
0,481740;0,018107;0,005035;0,063039;0,014903;0,000132;0,039561;0,377482;366
0,400085;0,058156;0,004120;0,024750;0,002848;0,000254;0,127004;0,382782;367
0,258372;0,219340;0,081818;0,032847;0,003215;0,000610;0,045217;0,358582;368
0,531525;0,061971;0,012889;0,028127;0,023783;0,004974;0,039561;0,297170;369
0,345103;0,151693;0,001577;0,034780;0,047872;0,001190;0,110535;0,307251;370
0,455190;0,067810;0,000254;0,020396;0,009613;0,001180;0,204397;0,241160;371
0,396200;0,173177;0,010529;0,001658;0,008942;0,004252;0,052216;0,353027;372
0,386159;0,048615;0,000173;0,028229;0,136098;0,000305;0,004395;0,396027;373
0,449921;0,137146;0,007070;0,005666;0,018575;0,013601;0,052216;0,315806;374
0,414429;0,070231;0,010671;0,105784;0,010895;0,002909;0,009481;0,375600;375
0,369253;0,269897;0,023916;0,018707;0,007782;0,009684;0,052144;0,248617;376
0,294718;0,274180;0,016083;0,050741;0,005554;0,004527;0,127431;0,226766;377
0,356578;0,084666;0,004008;0,025513;0,004669;0,000712;0,237508;0,286346;378
0,445475;0,015503;0,034515;0,007141;0,057810;0,081421;0,006643;0,351491;379
0,318492;0,093089;0,007619;0,080465;0,005422;0,002960;0,164256;0,327698;380
0,362244;0,159393;0,022044;0,003652;0,004954;0,001312;0,057658;0,388743;381
0,339701;0,229553;0,018982;0,005452;0,005931;0,001272;0,188517;0,210592;382
0,468923;0,016724;0,008718;0,054148;0,019989;0,002930;0,017700;0,410868;383
0,459737;0,013977;0,000173;0,040751;0,017873;0,001170;0,006399;0,459920;384
0,298075;0,302063;0,004710;0,002767;0,005463;0,004262;0,096130;0,286530;385
0,403890;0,058899;0,003876;0,043772;0,005788;0,000295;0,016357;0,467122;386
0,514567;0,028249;0,021505;0,014343;0,056335;0,002187;0,064555;0,298258;387
0,358175;0,122772;0,000997;0,084178;0,007772;0,007182;0,169902;0,249023;388
0,468374;0,050405;0,000071;0,078796;0,038106;0,007314;0,011190;0,345744;389
0,517375;0,013092;0,003805;0,008067;0,014669;0,000448;0,045258;0,397288;390
0,468781;0,066193;0,007813;0,018229;0,017751;0,003550;0,022451;0,395233;391
0,329732;0,203501;0,006744;0,030691;0,001190;0,000122;0,103058;0,324961;392
0,416911;0,032481;0,000692;0,104451;0,046112;0,003957;0,025462;0,369934;393
0,441437;0,023783;0,000661;0,026937;0,038778;0,034292;0,010203;0,423910;394
0,418630;0,063883;0,029917;0,020304;0,039815;0,006480;0,070923;0,350047;395
0,418498;0,131673;0,024790;0,000559;0,004161;0,005290;0,061971;0,353058;396
0,450745;0,085470;0,024241;0,003774;0,008494;0,009928;0,095215;0,322133;397
0,456187;0,038920;0,002370;0,089132;0,047251;0,006429;0,043864;0,315847;398
0,371592;0,135061;0,024017;0,012309;0,019318;0,002482;0,050364;0,384857;399
0,142527;0,001119;0,000234;0,140951;0,000183;0,000122;0,001902;0,712962;400
0,167379;0,091787;0,000051;0,039358;0,000214;0,000102;0,000214;0,700897;401
0,159424;0,235616;0,000498;0,023051;0,000539;0,000031;0,003916;0,576925;402
0,130585;0,001139;0,000539;0,000773;0,002248;0,000081;0,017792;0,846842;403
0,183207;0,000132;0,000000;0,105153;0,002523;0,000081;0,000366;0,708537;404
0,194356;0,000081;0,000000;0,194753;0,001801;0,000142;0,000224;0,608643;405
0,170431;0,002146;0,000122;0,160451;0,000112;0,000061;0,000153;0,666524;406
0,108643;0,117269;0,000112;0,022817;0,002431;0,000234;0,000916;0,747579;407
0,313721;0,000956;0,000112;0,126892;0,002970;0,000020;0,001231;0,554097;408
0,173971;0,045441;0,000498;0,033986;0,000020;0,000020;0,000041;0,746023;409
0,230377;0,001068;0,000305;0,002604;0,000112;0,000478;0,000458;0,764598;410
0,169952;0,057851;0,000010;0,213806;0,001963;0,000132;0,000661;0,555623;411
0,199799;0,000448;0,002146;0,093496;0,000254;0,000132;0,000214;0,703512;412
0,114268;0,009542;0,000763;0,155396;0,003682;0,000153;0,003021;0,713175;413
0,194000;0,000366;0,000142;0,164164;0,000763;0,000041;0,000102;0,640422;414
0,140666;0,003784;0,000041;0,139832;0,000448;0,000081;0,000254;0,714895;415
0,125793;0,008280;0,001109;0,115509;0,001363;0,000020;0,001424;0,746501;416
0,158488;0,048726;0,000448;0,041016;0,000051;0,000112;0,000203;0,750956;417
0,180522;0,004506;0,000102;0,066925;0,000203;0,000051;0,000041;0,747650;418
0,186625;0,002116;0,008036;0,069560;0,000061;0,000071;0,000020;0,733510;419
0,121033;0,004150;0,000834;0,065796;0,000031;0,000112;0,000214;0,807831;420
0,130656;0,082865;0,000224;0,139048;0,000031;0,000051;0,002167;0,644958;421
0,297363;0,006531;0,000081;0,037445;0,000722;0,000224;0,000183;0,657450;422
0,091573;0,001353;0,001577;0,239115;0,001923;0,000112;0,000793;0,663554;423
0,211171;0,029846;0,000081;0,077657;0,000112;0,000081;0,000193;0,680857;424
0,133931;0,000041;0,000254;0,123810;0,001567;0,000631;0,000092;0,739675;425
0,293254;0,005849;0,000041;0,000580;0,000570;0,000254;0,000387;0,699066;426
0,139414;0,008494;0,000132;0,009705;0,000610;0,000132;0,001628;0,839884;427
0,219686;0,041107;0,000010;0,047343;0,000285;0,000031;0,000214;0,691325;428
0,164164;0,003418;0,000824;0,016622;0,000020;0,000031;0,000071;0,814850;429
0,162486;0,081960;0,000142;0,004293;0,000061;0,000122;0,002594;0,748342;430
0,103353;0,000163;0,000000;0,185079;0,002197;0,000061;0,000743;0,708405;431
0,180166;0,063538;0,000183;0,054474;0,000061;0,000102;0,001282;0,700195;432
0,147949;0,167348;0,000315;0,006612;0,000122;0,000010;0,002452;0,675191;433
0,107015;0,004893;0,000020;0,188487;0,002238;0,000244;0,000315;0,696788;434
0,138611;0,063385;0,000407;0,050730;0,001200;0,000031;0,001251;0,744385;435
0,193685;0,049459;0,000041;0,031698;0,000071;0,000041;0,000092;0,724915;436
0,158641;0,112335;0,000326;0,108409;0,000366;0,000122;0,000529;0,619273;437
0,167908;0,005788;0,010437;0,123057;0,000041;0,000315;0,000081;0,692373;438
0,104899;0,018646;0,000885;0,146871;0,002502;0,000041;0,000397;0,725759;439
0,250997;0,000061;0,000539;0,037974;0,001282;0,000183;0,000061;0,708903;440
0,178274;0,010325;0,000570;0,150248;0,000183;0,000031;0,000163;0,660207;441
0,173696;0,002655;0,000112;0,088165;0,000041;0,000031;0,000031;0,735270;442
0,188792;0,023376;0,000010;0,141103;0,000305;0,000214;0,000092;0,646108;443
0,177460;0,007528;0,145976;0,038198;0,000061;0,000519;0,000305;0,629954;444
0,239665;0,002838;0,000000;0,091349;0,000814;0,000112;0,000285;0,664937;445
0,151611;0,047546;0,000010;0,093913;0,000122;0,000071;0,002207;0,704519;446
0,215902;0,002268;0,000010;0,001434;0,000010;0,000061;0,000000;0,780314;447
0,180695;0,000478;0,000224;0,000600;0,000722;0,000092;0,001892;0,815297;448
0,268941;0,000559;0,000285;0,087128;0,000478;0,000020;0,000153;0,642436;449
0,141378;0,001302;0,000061;0,203929;0,000336;0,000071;0,000224;0,652700;450
0,141815;0,051646;0,000214;0,134379;0,000458;0,000163;0,000387;0,670939;451
0,194977;0,069427;0,000051;0,044729;0,000051;0,000041;0,000092;0,690633;452
0,129333;0,001394;0,000336;0,111979;0,000285;0,000407;0,001170;0,755096;453
0,146454;0,080892;0,001424;0,030538;0,000071;0,000000;0,000651;0,739970;454
0,293915;0,003774;0,000834;0,077759;0,000366;0,000041;0,001180;0,622131;455
0,130351;0,002553;0,031016;0,007874;0,000010;0,000081;0,000061;0,828054;456
0,204122;0,000905;0,000264;0,001109;0,000010;0,000183;0,000651;0,792755;457
0,202576;0,142100;0,000153;0,077301;0,002920;0,000122;0,003174;0,571655;458
0,160380;0,196513;0,000254;0,054820;0,000203;0,000132;0,000336;0,587362;459
0,135824;0,003784;0,000051;0,079580;0,000081;0,000031;0,000224;0,780426;460
0,187205;0,093313;0,000010;0,082998;0,000183;0,000092;0,000071;0,636129;461
0,144735;0,266307;0,000203;0,019969;0,000387;0,000031;0,001017;0,567352;462
0,107951;0,180267;0,000264;0,017965;0,000193;0,000020;0,000214;0,693125;463
0,151123;0,015503;0,000010;0,002492;0,000041;0,000153;0,000498;0,830180;464
0,157379;0,052144;0,000020;0,026906;0,000132;0,000102;0,000102;0,763214;465
0,137929;0,083710;0,000509;0,122833;0,000570;0,000000;0,000559;0,653890;466
0,140422;0,001383;0,000529;0,108653;0,000153;0,000112;0,000112;0,748637;467
0,171092;0,033651;0,000000;0,122040;0,000753;0,000000;0,000854;0,671611;468
0,087504;0,005585;0,000488;0,080678;0,000031;0,000041;0,000478;0,825195;469
0,221914;0,001760;0,000153;0,063772;0,000092;0,000000;0,000092;0,712219;470
0,184479;0,003408;0,001038;0,002930;0,001312;0,000376;0,006500;0,799957;471
0,132172;0,070058;0,000020;0,069661;0,000631;0,000000;0,000356;0,727102;472
0,176819;0,057780;0,000041;0,022369;0,000590;0,000000;0,000498;0,741903;473
0,125844;0,076304;0,001546;0,063314;0,000122;0,000295;0,000326;0,732249;474
0,235728;0,007874;0,000010;0,006195;0,000041;0,000163;0,000132;0,749858;475
0,151398;0,042124;0,000031;0,143901;0,000763;0,000041;0,000092;0,661652;476
0,156769;0,002960;0,000031;0,003815;0,000031;0,000041;0,000366;0,835988;477
0,146291;0,079071;0,000051;0,012553;0,000437;0,000010;0,000305;0,761281;478
0,152150;0,078807;0,000122;0,103292;0,000203;0,000183;0,000244;0,664998;479
0,159760;0,003387;0,000000;0,096517;0,000417;0,000010;0,000326;0,739583;480
0,137156;0,000488;0,000010;0,146139;0,000824;0,000010;0,000336;0,715037;481
0,184204;0,148234;0,000092;0,027822;0,000092;0,000041;0,000173;0,639343;482
0,165649;0,000570;0,000092;0,008769;0,006653;0,000142;0,000478;0,817647;483
0,174021;0,000743;0,000031;0,140828;0,000519;0,000010;0,000387;0,683462;484
0,207357;0,029124;0,000031;0,171834;0,000376;0,000183;0,000356;0,590739;485
0,222555;0,000427;0,000061;0,226868;0,001526;0,000081;0,000458;0,548024;486
0,180257;0,000183;0,000061;0,108754;0,000427;0,000153;0,000559;0,709605;487
0,187327;0,000183;0,001577;0,047170;0,000112;0,000051;0,000254;0,763326;488
0,151143;0,000173;0,000061;0,071462;0,000285;0,000081;0,000315;0,776479;489
0,174286;0,120433;0,000153;0,048391;0,000844;0,000041;0,001434;0,654419;490
0,159546;0,002258;0,000203;0,096527;0,000020;0,000071;0,000183;0,741191;491
0,177266;0,017690;0,000000;0,179657;0,000610;0,000102;0,000549;0,624125;492
0,101003;0,180806;0,000234;0,117625;0,000275;0,000112;0,001383;0,598562;493
0,125865;0,010905;0,000031;0,147339;0,000539;0,000092;0,001211;0,714020;494
0,154846;0,011454;0,000010;0,197225;0,000529;0,000020;0,000366;0,635549;495
0,122101;0,007019;0,000112;0,202616;0,000448;0,000041;0,002482;0,665181;496
0,168020;0,127563;0,000387;0,072316;0,000173;0,000092;0,002248;0,629201;497
0,140330;0,000427;0,000031;0,164225;0,002146;0,000122;0,002716;0,690002;498
0,200063;0,000366;0,000559;0,089895;0,000173;0,000071;0,000224;0,708649;499
0,363413;0,050405;0,000193;0,120799;0,007192;0,000468;0,006561;0,450968;500
0,348470;0,046895;0,067373;0,039510;0,011190;0,043711;0,016561;0,426290;501
0,354462;0,081014;0,001190;0,123545;0,007619;0,000356;0,173208;0,258606;502
0,428782;0,026937;0,008748;0,067210;0,044352;0,005798;0,042918;0,375254;503
0,457581;0,056091;0,000997;0,041138;0,062927;0,001719;0,013265;0,366282;504
0,525228;0,007619;0,105021;0,027924;0,001251;0,011861;0,001058;0,320038;505
0,424042;0,020437;0,001322;0,053324;0,033030;0,012227;0,026805;0,428813;506
0,366557;0,084056;0,016195;0,133158;0,027476;0,002635;0,023621;0,346303;507
0,401917;0,072255;0,030233;0,151642;0,022451;0,009552;0,003011;0,308940;508
0,296295;0,038137;0,107229;0,158193;0,010966;0,027486;0,002177;0,359517;509
0,382517;0,016398;0,004242;0,035177;0,033773;0,007385;0,028798;0,491709;510
0,526855;0,007294;0,110850;0,100494;0,027974;0,014099;0,004496;0,207937;511
0,426585;0,026276;0,058879;0,045532;0,022532;0,049571;0,018077;0,352549;512
0,333791;0,063182;0,008270;0,147237;0,012970;0,000305;0,097819;0,336426;513
0,301371;0,056976;0,015340;0,121124;0,112315;0,009206;0,053996;0,329671;514
0,434255;0,093475;0,017537;0,162374;0,042185;0,011698;0,023783;0,214691;515
0,508687;0,016836;0,012746;0,046702;0,010396;0,019277;0,001261;0,384094;516
0,383209;0,031657;0,022369;0,036906;0,011678;0,004130;0,002085;0,507965;517
0,393046;0,018565;0,006378;0,044495;0,048482;0,014598;0,020793;0,453644;518
0,415385;0,035380;0,002726;0,084971;0,016998;0,004272;0,014069;0,426198;519
0,438588;0,017649;0,013143;0,011302;0,022380;0,005503;0,018860;0,472575;520
0,373403;0,044464;0,006378;0,045105;0,004842;0,020335;0,001516;0,503957;521
0,402903;0,060689;0,068726;0,145650;0,018219;0,006744;0,006510;0,290558;522
0,189707;0,154002;0,000132;0,156494;0,075582;0,003713;0,053172;0,367198;523
0,402059;0,063792;0,000631;0,115957;0,008291;0,001180;0,005819;0,402273;524
0,387868;0,049540;0,008504;0,139832;0,007243;0,001495;0,008403;0,397115;525
0,354787;0,078166;0,000163;0,188700;0,032033;0,001933;0,040222;0,303996;526
0,417084;0,055054;0,000824;0,054006;0,016622;0,000692;0,012960;0,442759;527
0,460744;0,019531;0,047953;0,010396;0,027252;0,015177;0,005951;0,412994;528
0,333913;0,048625;0,002401;0,103556;0,038035;0,002797;0,054372;0,416300;529
0,313741;0,125804;0,000631;0,085256;0,000366;0,005646;0,004588;0,463969;530
0,370321;0,043874;0,003845;0,029185;0,028229;0,012767;0,023499;0,488281;531
0,342672;0,059285;0,000173;0,142639;0,034892;0,000417;0,081970;0,337952;532
0,320333;0,093719;0,004150;0,209188;0,041972;0,002360;0,029277;0,299001;533
0,373433;0,016266;0,012146;0,032532;0,067708;0,016500;0,018616;0,462799;534
0,443542;0,013621;0,090068;0,059794;0,007975;0,018107;0,013947;0,352946;535
0,245524;0,085581;0,042155;0,183787;0,086405;0,002492;0,093994;0,260061;536
0,366465;0,040782;0,012533;0,154704;0,006541;0,001282;0,010203;0,407491;537
0,396474;0,041809;0,002116;0,032033;0,017680;0,014252;0,010874;0,484762;538
0,344330;0,040558;0,000102;0,070485;0,013936;0,000539;0,124105;0,405945;539
0,328267;0,066396;0,000661;0,119558;0,004415;0,000692;0,002492;0,477519;540
0,269145;0,002584;0,098592;0,152639;0,043264;0,053060;0,009481;0,371236;541
0,441793;0,054301;0,002513;0,045878;0,032023;0,008474;0,020182;0,394836;542
0,403534;0,020223;0,003621;0,029765;0,036530;0,016764;0,018046;0,471517;543
0,401642;0,042196;0,010162;0,044312;0,004517;0,028961;0,001109;0,467102;544
0,424266;0,035634;0,009389;0,098053;0,013987;0,001048;0,025818;0,391805;545
0,425852;0,027761;0,007212;0,033437;0,016734;0,008230;0,007273;0,473501;546
0,296956;0,102336;0,000743;0,226817;0,014445;0,000997;0,084473;0,273234;547
0,322418;0,163391;0,000031;0,089650;0,001017;0,000885;0,029419;0,393188;548
0,397898;0,017375;0,004100;0,034210;0,026388;0,021444;0,013794;0,484792;549
0,485291;0,078888;0,046356;0,086497;0,008311;0,004964;0,002421;0,287272;550
0,471568;0,006714;0,024556;0,089895;0,019257;0,016357;0,003387;0,368266;551
0,352112;0,058462;0,003052;0,107758;0,004578;0,000183;0,007080;0,466777;552
0,239848;0,160472;0,000000;0,198049;0,008118;0,000285;0,147319;0,245911;553
0,428487;0,065735;0,068573;0,123769;0,019430;0,011414;0,009237;0,273356;554
0,398966;0,040487;0,002899;0,109833;0,011993;0,000722;0,021250;0,413849;555
0,330841;0,056925;0,000275;0,110667;0,003296;0,000214;0,003733;0,494049;556
0,457540;0,009023;0,001740;0,020070;0,062642;0,005198;0,024618;0,419169;557
0,362284;0,035797;0,004720;0,028788;0,022990;0,010915;0,010498;0,524007;558
0,371663;0,039185;0,001912;0,119100;0,008718;0,000326;0,129791;0,329305;559
0,413940;0,049998;0,002360;0,051158;0,043325;0,005239;0,033457;0,400523;560
0,341471;0,123678;0,000041;0,125814;0,000254;0,000031;0,026306;0,382406;561
0,331156;0,017904;0,078888;0,080973;0,027812;0,016561;0,027110;0,419596;562
0,406321;0,054901;0,007436;0,098389;0,031026;0,007690;0,020935;0,373301;563
0,366425;0,055827;0,005727;0,048147;0,008423;0,015889;0,003560;0,496002;564
0,190348;0,034495;0,000010;0,277405;0,129008;0,000031;0,350057;0,018646;565
0,414469;0,023570;0,041829;0,067291;0,051046;0,006958;0,034444;0,360392;566
0,422963;0,027659;0,010793;0,071991;0,041829;0,002075;0,048167;0,374522;567
0,290731;0,002797;0,103404;0,104502;0,053813;0,094798;0,001963;0,347992;568
0,432943;0,027212;0,004517;0,029633;0,016897;0,006510;0,009298;0,472992;569
0,277242;0,057729;0,000020;0,301127;0,007619;0,000041;0,142161;0,214060;570
0,463867;0,045237;0,000885;0,036285;0,012939;0,000956;0,012278;0,427551;571
0,404948;0,023702;0,012502;0,019094;0,065145;0,025024;0,008352;0,441233;572
0,364543;0,064341;0,001312;0,066071;0,003113;0,000468;0,004517;0,495636;573
0,405101;0,013550;0,004751;0,016907;0,009216;0,001719;0,014445;0,534312;574
0,421438;0,130096;0,029277;0,103251;0,022603;0,012807;0,032522;0,248006;575
0,369039;0,035014;0,010234;0,059570;0,024068;0,001719;0,054535;0,445821;576
0,395304;0,064351;0,004781;0,102010;0,008484;0,000885;0,043254;0,380931;577
0,331706;0,072947;0,000010;0,180420;0,015523;0,001007;0,068553;0,329834;578
0,412435;0,179026;0,000031;0,042653;0,006836;0,001048;0,004323;0,353648;579
0,390666;0,061473;0,001933;0,074615;0,009216;0,003103;0,011292;0,447703;580
0,468435;0,014089;0,004028;0,009491;0,020762;0,011322;0,009471;0,462402;581
0,369019;0,039113;0,000132;0,015462;0,055420;0,005341;0,108775;0,406738;582
0,386648;0,034251;0,010040;0,073741;0,007538;0,003306;0,015747;0,468730;583
0,366364;0,015462;0,000875;0,006226;0,015371;0,002411;0,002950;0,590342;584
0,377380;0,016398;0,000875;0,006042;0,007487;0,000590;0,011698;0,579529;585
0,331655;0,028188;0,000122;0,012299;0,007802;0,002167;0,010549;0,607218;586
0,396749;0,037954;0,006409;0,086578;0,032501;0,004120;0,061391;0,374298;587
0,419210;0,071686;0,005046;0,031555;0,055196;0,004618;0,052439;0,360250;588
0,373159;0,029958;0,000122;0,011627;0,007782;0,000203;0,028442;0,548706;589
0,349233;0,031413;0,000407;0,014628;0,028666;0,004679;0,036418;0,534556;590
0,407135;0,013438;0,000153;0,005473;0,016286;0,004395;0,040568;0,512553;591
0,397481;0,028910;0,000631;0,012980;0,010111;0,001221;0,002431;0,546234;592
0,342539;0,013875;0,000193;0,008718;0,015656;0,001211;0,027669;0,590139;593
0,348745;0,067556;0,006958;0,055674;0,030965;0,006744;0,089762;0,393595;594
0,372711;0,029287;0,000214;0,010864;0,008626;0,000183;0,023946;0,554169;595
0,357452;0,019562;0,000163;0,005646;0,016368;0,000753;0,010183;0,589874;596
0,374095;0,049520;0,001567;0,054281;0,051168;0,002574;0,139872;0,326925;597
0,326619;0,037272;0,000092;0,023956;0,002675;0,000193;0,240997;0,368195;598
0,294474;0,014404;0,000102;0,006948;0,002370;0,000214;0,050212;0,631276;599
0,366628;0,006602;0,000275;0,192617;0,225006;0,002035;0,002797;0,204041;600
0,178050;0,206635;0,155182;0,010935;0,005758;0,077118;0,177622;0,188700;601
0,202321;0,227631;0,115723;0,006165;0,006083;0,235179;0,149943;0,056956;602
0,394480;0,210337;0,011444;0,018361;0,006653;0,016846;0,167409;0,174469;603
0,631205;0,001811;0,000000;0,008982;0,001963;0,001912;0,000112;0,354014;604
0,469676;0,079336;0,002116;0,045797;0,091471;0,002024;0,052551;0,257029;605
0,540171;0,036845;0,075460;0,000336;0,000122;0,014791;0,079071;0,253204;606
0,419718;0,042480;0,094167;0,021027;0,002096;0,090841;0,033132;0,296539;607
0,148590;0,264313;0,118276;0,000590;0,000763;0,261536;0,168335;0,037598;608
0,389425;0,024495;0,000661;0,263621;0,033335;0,003662;0,003347;0,281453;609
0,193105;0,350993;0,048218;0,000295;0,008219;0,020925;0,215739;0,162506;610
0,620199;0,001892;0,002421;0,024862;0,005788;0,000041;0,002655;0,342143;611
0,561178;0,032817;0,001811;0,010437;0,000092;0,093058;0,000020;0,300588;612
0,563039;0,025757;0,000387;0,000295;0,001394;0,014476;0,005778;0,388875;613
0,553324;0,047923;0,003825;0,042470;0,021688;0,004028;0,013468;0,313273;614
0,545532;0,009572;0,000081;0,050100;0,007406;0,003001;0,000387;0,383921;615
0,266449;0,274394;0,050242;0,000590;0,010986;0,115763;0,250224;0,031352;616
0,571208;0,003510;0,000264;0,047638;0,004069;0,005625;0,000590;0,367096;617
0,321279;0,077555;0,223948;0,000834;0,000081;0,265533;0,065959;0,044810;618
0,385763;0,056101;0,037760;0,030385;0,011302;0,045451;0,157552;0,275686;619
0,213521;0,325816;0,076853;0,008260;0,000885;0,054759;0,244242;0,075663;620
0,476044;0,070190;0,067780;0,005168;0,000753;0,098287;0,090658;0,191121;621
0,553416;0,020793;0,078512;0,012441;0,000865;0,082692;0,000834;0,250448;622
0,377604;0,002848;0,000153;0,172791;0,282674;0,007914;0,030894;0,125122;623
0,239380;0,156606;0,133891;0,000122;0,000193;0,220968;0,174622;0,074219;624
0,613241;0,003489;0,000590;0,023020;0,000275;0,000000;0,000651;0,358734;625
0,371236;0,212067;0,030375;0,023641;0,017904;0,024170;0,130575;0,190033;626
0,583689;0,000244;0,000163;0,023438;0,001363;0,000000;0,001221;0,389882;627
0,362610;0,012614;0,000112;0,257680;0,164307;0,000142;0,000956;0,201579;628
0,419627;0,059591;0,085337;0,006531;0,000061;0,181447;0,052958;0,194448;629
0,349915;0,162628;0,048706;0,009501;0,001282;0,101481;0,078603;0,247884;630
0,565704;0,047333;0,000926;0,067067;0,015493;0,001180;0,011932;0,290365;631
0,480682;0,133993;0,055939;0,015279;0,003042;0,064280;0,002177;0,244609;632
0,397807;0,014364;0,000142;0,226115;0,070638;0,003866;0,002055;0,285014;633
0,210988;0,247233;0,112203;0,000926;0,001017;0,154531;0,195597;0,077504;634
0,425446;0,004547;0,159027;0,019043;0,000468;0,159698;0,014323;0,217448;635
0,431732;0,078918;0,000000;0,082316;0,080383;0,022003;0,024506;0,280141;636
0,344594;0,060201;0,167074;0,000031;0,001638;0,264903;0,078898;0,082662;637
0,539500;0,014089;0,004567;0,028992;0,005971;0,007263;0,006134;0,393483;638
0,297302;0,121236;0,006002;0,153544;0,035299;0,004303;0,277934;0,104380;639
0,102844;0,054789;0,516093;0,000203;0,002625;0,168447;0,002167;0,152832;640
0,338654;0,012614;0,000346;0,313365;0,199025;0,000102;0,012655;0,123240;641
0,584188;0,000763;0,002563;0,017446;0,006185;0,000732;0,004028;0,384094;642
0,196320;0,302490;0,140299;0,000793;0,005198;0,080424;0,204610;0,069865;643
0,439382;0,001475;0,000051;0,195374;0,153320;0,000102;0,001149;0,209147;644
0,486735;0,049337;0,113525;0,000763;0,000722;0,074646;0,116180;0,158091;645
0,247955;0,049601;0,241150;0,003693;0,030355;0,075816;0,228373;0,123057;646
0,564006;0,001292;0,000051;0,055145;0,003448;0,000010;0,001668;0,374379;647
0,519755;0,032827;0,004639;0,000804;0,000346;0,045492;0,000376;0,395762;648
0,634420;0,031362;0,014933;0,013051;0,000834;0,002777;0,032074;0,270549;649
0,288645;0,218638;0,093791;0,000061;0,000142;0,108002;0,244609;0,046112;650
0,609853;0,008291;0,048716;0,003774;0,006226;0,011220;0,004944;0,306976;651
0,492920;0,009552;0,179708;0,003296;0,000773;0,086934;0,005961;0,220856;652
0,550212;0,024200;0,002289;0,099681;0,060374;0,000692;0,011149;0,251404;653
0,280650;0,045837;0,257395;0,038656;0,008046;0,153982;0,009125;0,206309;654
0,540049;0,117147;0,081838;0,005554;0,001729;0,032328;0,050557;0,170797;655
0,714895;0,000020;0,013529;0,001648;0,000468;0,000000;0,004120;0,265320;656
0,255575;0,205831;0,108632;0,000244;0,002492;0,168457;0,224457;0,034312;657
0,650045;0,000102;0,000112;0,046448;0,004344;0,000000;0,001750;0,297201;658
0,608205;0,105459;0,026245;0,002268;0,000244;0,047923;0,014964;0,194692;659
0,657928;0,043935;0,000051;0,001221;0,000081;0,025981;0,000010;0,270793;660
0,639140;0,016215;0,027852;0,005524;0,003326;0,015879;0,009308;0,282756;661
0,447205;0,142985;0,154826;0,001373;0,005585;0,095551;0,078817;0,073659;662
0,340973;0,070465;0,248505;0,000682;0,000519;0,243286;0,021169;0,074402;663
0,687724;0,021362;0,007924;0,006104;0,000671;0,009003;0,000844;0,266368;664
0,606720;0,023081;0,050161;0,004527;0,000071;0,092051;0,012716;0,210673;665
0,525421;0,050059;0,008341;0,024302;0,024933;0,006907;0,042592;0,317444;666
0,308746;0,232330;0,046122;0,001912;0,012156;0,006989;0,147878;0,243866;667
0,238159;0,165599;0,108907;0,015177;0,005219;0,225311;0,039897;0,201731;668
0,280741;0,139079;0,129079;0,002024;0,003326;0,104268;0,233063;0,108419;669
0,511373;0,013977;0,001923;0,119700;0,016673;0,003215;0,007517;0,325623;670
0,591380;0,010579;0,052307;0,000977;0,000295;0,006419;0,003286;0,334757;671
0,280924;0,060628;0,193400;0,000895;0,000081;0,198486;0,168437;0,097148;672
0,324198;0,168060;0,066203;0,018158;0,007365;0,026957;0,188253;0,200806;673
0,346639;0,102346;0,166565;0,001119;0,000743;0,105143;0,053060;0,224386;674
0,535217;0,005524;0,005778;0,130554;0,115926;0,000295;0,007924;0,198781;675
0,349345;0,106903;0,088623;0,036601;0,043884;0,017141;0,097168;0,260335;676
0,176829;0,119395;0,250722;0,009206;0,003632;0,167725;0,227641;0,044851;677
0,504771;0,186279;0,063324;0,000570;0,002757;0,044413;0,082367;0,115519;678
0,615855;0,003733;0,004272;0,084717;0,053060;0,001160;0,035604;0,201599;679
0,206268;0,183645;0,112345;0,022034;0,003774;0,064799;0,205343;0,201792;680
0,452759;0,001211;0,161977;0,059347;0,013875;0,019511;0,147430;0,143890;681
0,477580;0,011637;0,054077;0,019175;0,005381;0,019063;0,200511;0,212575;682
0,384247;0,017426;0,155060;0,020945;0,008850;0,085927;0,029561;0,297984;683
0,665395;0,001343;0,064148;0,051412;0,001221;0,007629;0,009125;0,199727;684
0,653056;0,017039;0,005310;0,026428;0,012553;0,002065;0,007375;0,276174;685
0,545563;0,024638;0,012522;0,026693;0,007233;0,037303;0,055949;0,290100;686
0,568095;0,025553;0,069265;0,001058;0,001068;0,029938;0,002625;0,302399;687
0,518717;0,071431;0,046875;0,002177;0,000295;0,198100;0,009491;0,152913;688
0,397654;0,013977;0,001424;0,027130;0,004740;0,026367;0,004201;0,524506;689
0,350698;0,022909;0,195028;0,013509;0,001699;0,186849;0,045695;0,183614;690
0,126485;0,130269;0,208923;0,005107;0,006419;0,065369;0,386861;0,070567;691
0,580363;0,005849;0,016052;0,038279;0,003153;0,018473;0,001353;0,336477;692
0,290009;0,093730;0,184316;0,002563;0,000590;0,189067;0,133026;0,106700;693
0,296193;0,138997;0,033691;0,013855;0,014130;0,097087;0,063232;0,342814;694
0,180308;0,077474;0,305511;0,000285;0,000041;0,226481;0,166321;0,043579;695
0,184224;0,438477;0,016164;0,000977;0,000061;0,085134;0,139852;0,135111;696
0,332815;0,094971;0,113678;0,000173;0,001078;0,098501;0,252675;0,106110;697
0,514201;0,024790;0,006694;0,082174;0,061676;0,004924;0,051178;0,254364;698
0,373942;0,037760;0,171387;0,001577;0,004710;0,105804;0,144114;0,160706;699
0,492940;0,058065;0,158396;0,033427;0,006999;0,023549;0,009155;0,217468;700
0,425151;0,024587;0,061462;0,062500;0,019786;0,017893;0,026133;0,362488;701
0,332092;0,045746;0,087677;0,011078;0,029266;0,058502;0,049337;0,386302;702
0,285777;0,085510;0,094635;0,007955;0,005798;0,050730;0,114838;0,354757;703
0,291911;0,010742;0,012380;0,143117;0,085866;0,018046;0,071879;0,366058;704
0,398326;0,007904;0,047801;0,143768;0,035533;0,028503;0,057861;0,280304;705
0,394450;0,010437;0,022959;0,108887;0,049988;0,028920;0,039225;0,345133;706
0,320313;0,006093;0,048910;0,112295;0,073995;0,026744;0,114065;0,297587;707
0,367279;0,059540;0,083099;0,046163;0,021881;0,021189;0,042847;0,358002;708
0,559224;0,085439;0,099752;0,014598;0,015615;0,011759;0,011505;0,202108;709
0,401031;0,108795;0,230693;0,036418;0,004618;0,004425;0,022329;0,191691;710
0,274139;0,011525;0,024984;0,171153;0,163167;0,033112;0,060028;0,261892;711
0,419566;0,040395;0,089315;0,059499;0,018728;0,023438;0,035563;0,313497;712
0,490346;0,033040;0,114838;0,015686;0,011220;0,020610;0,031637;0,282623;713
0,441010;0,035136;0,042460;0,120443;0,012197;0,005330;0,010824;0,332601;714
0,482768;0,035533;0,057749;0,129781;0,018962;0,004659;0,007253;0,263295;715
0,234894;0,026154;0,029694;0,145945;0,074473;0,037740;0,151001;0,300100;716
0,607819;0,043365;0,046722;0,013804;0,019938;0,003621;0,002452;0,262278;717
0,417572;0,015167;0,054067;0,082906;0,032715;0,033234;0,020640;0,343699;718
0,176849;0,056691;0,019796;0,123220;0,067301;0,035685;0,238770;0,281687;719
0,336355;0,036896;0,074544;0,021169;0,022034;0,029816;0,071889;0,407298;720
0,413859;0,044607;0,062124;0,166860;0,019135;0,012797;0,005046;0,275574;721
0,432556;0,066905;0,191691;0,018565;0,009857;0,028737;0,054433;0,197255;722
0,472982;0,058004;0,151510;0,042002;0,008291;0,015127;0,003306;0,248779;723
0,415924;0,088552;0,150920;0,020101;0,022166;0,011902;0,045400;0,245036;724
0,440013;0,003743;0,076263;0,143361;0,028625;0,019501;0,039825;0,248667;725
0,233083;0,015310;0,033824;0,132111;0,069590;0,034536;0,192291;0,289256;726
0,343404;0,036764;0,080638;0,022939;0,019541;0,048482;0,073771;0,374461;727
0,308584;0,071889;0,105326;0,007650;0,036153;0,037099;0,095154;0,338145;728
0,380493;0,019552;0,059916;0,124186;0,031942;0,034719;0,089549;0,259644;729
0,503153;0,018087;0,076426;0,058228;0,008809;0,027618;0,013652;0,294027;730
0,350332;0,027995;0,030060;0,116150;0,020467;0,051890;0,038625;0,364482;731
0,412557;0,006419;0,089915;0,070221;0,031219;0,030924;0,027588;0,331156;732
0,459167;0,013631;0,087392;0,170593;0,010722;0,014140;0,006449;0,237905;733
0,432343;0,033051;0,092112;0,115936;0,021962;0,026235;0,067454;0,210907;734
0,444326;0,018229;0,109578;0,099965;0,012980;0,022583;0,029134;0,263204;735
0,485677;0,013479;0,074168;0,060181;0,010813;0,025614;0,010986;0,319082;736
0,421102;0,011078;0,059316;0,119792;0,040161;0,016103;0,014832;0,317617;737
0,250651;0,052938;0,116770;0,024892;0,009003;0,017029;0,055196;0,473521;738
0,420685;0,030904;0,106812;0,092143;0,021077;0,028249;0,075124;0,225006;739
0,453308;0,012909;0,158813;0,049174;0,001587;0,015188;0,014313;0,294708;740
0,255544;0,070872;0,134959;0,020457;0,010956;0,051910;0,115499;0,339803;741
0,417450;0,031057;0,066884;0,077616;0,032389;0,019104;0,065531;0,289968;742
0,271372;0,019643;0,099080;0,109467;0,031169;0,028829;0,137502;0,302938;743
0,185476;0,081014;0,075643;0,076324;0,007996;0,114370;0,183370;0,275808;744
0,333445;0,018300;0,064514;0,103729;0,026988;0,032338;0,130768;0,289917;745
0,233785;0,089183;0,123708;0,020691;0,009379;0,030935;0,110942;0,381378;746
0,481974;0,013926;0,112773;0,084056;0,023346;0,043396;0,022817;0,217712;747
0,330516;0,046295;0,095551;0,021769;0,014069;0,046427;0,067790;0,377584;748
0,401764;0,015137;0,036550;0,117554;0,059957;0,026245;0,096080;0,246714;749
0,289653;0,007090;0,043864;0,130941;0,144633;0,019246;0,121409;0,243164;750
0,389465;0,005981;0,082489;0,116709;0,069051;0,038289;0,025075;0,272939;751
0,482412;0,019816;0,117137;0,077443;0,015920;0,013560;0,056529;0,217183;752
0,198741;0,057058;0,046244;0,098938;0,065420;0,058441;0,261159;0,213999;753
0,334503;0,067932;0,044078;0,042765;0,026733;0,118907;0,094350;0,270732;754
0,237345;0,036743;0,046468;0,088216;0,056081;0,028819;0,109436;0,396891;755
0,221151;0,047139;0,045654;0,103546;0,038167;0,045807;0,201803;0,296733;756
0,276571;0,030629;0,024831;0,112590;0,093302;0,039307;0,097198;0,325572;757
0,321350;0,005239;0,113342;0,118815;0,020162;0,018138;0,100922;0,302032;758
0,511871;0,025218;0,090190;0,041789;0,004567;0,020457;0,012553;0,293355;759
0,328613;0,017527;0,083557;0,099406;0,044881;0,030212;0,115499;0,280304;760
0,235301;0,054006;0,093760;0,070811;0,017242;0,065735;0,173126;0,290019;761
0,270192;0,067617;0,113413;0,010305;0,015584;0,055328;0,106018;0,361542;762
0,378896;0,013733;0,073120;0,079447;0,022522;0,023112;0,079163;0,330007;763
0,225505;0,036977;0,077515;0,058228;0,011800;0,025462;0,169515;0,394999;764
0,259511;0,034861;0,025055;0,084188;0,036377;0,061025;0,217010;0,281972;765
0,426249;0,023519;0,042002;0,105632;0,035095;0,023509;0,072286;0,271708;766
0,444529;0,020213;0,074860;0,023570;0,022349;0,020416;0,033447;0,360616;767
0,330190;0,017700;0,080037;0,095154;0,045044;0,028798;0,105591;0,297485;768
0,415517;0,014160;0,089193;0,061971;0,028931;0,028524;0,083181;0,278524;769
0,361379;0,015828;0,043966;0,083323;0,029236;0,029236;0,057007;0,380025;770
0,519775;0,004700;0,138397;0,064555;0,007924;0,006602;0,010539;0,247508;771
0,438365;0,019643;0,108114;0,019114;0,012950;0,022898;0,036031;0,342885;772
0,349589;0,030446;0,131907;0,017955;0,007436;0,046041;0,058187;0,358439;773
0,258240;0,063293;0,118134;0,021250;0,013784;0,034495;0,089366;0,401438;774
0,353444;0,051768;0,045237;0,038645;0,009705;0,076884;0,025859;0,398458;775
0,223938;0,053080;0,085490;0,081207;0,011739;0,065104;0,177094;0,302348;776
0,274190;0,027161;0,051931;0,093099;0,038340;0,076426;0,170492;0,268361;777
0,239797;0,014933;0,049754;0,114014;0,072021;0,040436;0,140879;0,328166;778
0,434886;0,015920;0,132385;0,096283;0,006694;0,010773;0,030579;0,272481;779
0,265951;0,028646;0,052297;0,086233;0,074015;0,046173;0,155975;0,290710;780
0,451752;0,014414;0,073741;0,090078;0,021474;0,020660;0,017171;0,310710;781
0,323781;0,042308;0,028392;0,092519;0,020365;0,057658;0,106913;0,328064;782
0,373678;0,026245;0,076324;0,101959;0,028829;0,031698;0,103424;0,257843;783
0,482473;0,010325;0,097168;0,070333;0,006836;0,010701;0,010122;0,312042;784
0,309001;0,035685;0,062998;0,074615;0,055552;0,051381;0,109690;0,301076;785
0,404907;0,017395;0,082214;0,074198;0,039022;0,034078;0,085185;0,263000;786
0,406047;0,085388;0,132212;0,015544;0,027659;0,010986;0,066030;0,256134;787
0,328328;0,013733;0,069021;0,129903;0,076019;0,039998;0,073273;0,269725;788
0,326864;0,015432;0,077230;0,096303;0,048116;0,026276;0,109639;0,300140;789
0,257314;0,028910;0,076691;0,093903;0,022359;0,110657;0,172872;0,237295;790
0,358500;0,014659;0,042704;0,090780;0,025614;0,028127;0,068939;0,370677;791
0,451162;0,014364;0,071218;0,119090;0,018239;0,020315;0,030548;0,275065;792
0,278575;0,005961;0,050924;0,169891;0,105632;0,025075;0,085592;0,278351;793
0,388397;0,020955;0,109792;0,107290;0,017426;0,036255;0,082916;0,236969;794
0,408793;0,015228;0,056000;0,091888;0,039561;0,027679;0,029653;0,331197;795
0,200338;0,096934;0,141184;0,014526;0,010071;0,030121;0,138275;0,368551;796
0,340332;0,045471;0,092712;0,028280;0,016988;0,041433;0,054993;0,379791;797
0,511831;0,022268;0,070150;0,036082;0,005473;0,021688;0,008820;0,323690;798
0,443878;0,018056;0,088359;0,099111;0,013519;0,014058;0,082153;0,240865;799
0,367116;0,056651;0,000010;0,036682;0,048767;0,000987;0,140706;0,349080;800
0,436920;0,010213;0,000071;0,018321;0,056193;0,000092;0,131948;0,346242;801
0,489471;0,011485;0,002106;0,040924;0,016744;0,000203;0,011353;0,427714;802
0,442485;0,026896;0,010010;0,044586;0,059153;0,000356;0,068949;0,347565;803
0,345052;0,074422;0,000031;0,074351;0,206024;0,003326;0,018351;0,278442;804
0,226827;0,161519;0,000020;0,088755;0,209859;0,000387;0,130544;0,182088;805
0,438121;0,049001;0,000000;0,030151;0,026998;0,000570;0,079732;0,375427;806
0,284231;0,025319;0,000000;0,012319;0,345520;0,000732;0,024089;0,307790;807
0,583354;0,001628;0,006704;0,003825;0,002207;0,000041;0,010905;0,391337;808
0,343638;0,049652;0,000661;0,021291;0,267283;0,003265;0,013692;0,300517;809
0,569580;0,000071;0,000926;0,002340;0,011983;0,000041;0,039022;0,376038;810
0,235758;0,008921;0,000814;0,031789;0,014689;0,000010;0,309906;0,398112;811
0,291239;0,041239;0,006724;0,162608;0,017629;0,003530;0,193451;0,283580;812
0,379974;0,041728;0,000061;0,149668;0,188243;0,019399;0,018595;0,202332;813
0,465963;0,002604;0,000051;0,003642;0,119375;0,002635;0,027496;0,378235;814
0,588338;0,017273;0,000193;0,014221;0,003448;0,001149;0,000692;0,374685;815
0,494324;0,021372;0,000000;0,001953;0,007416;0,004598;0,000010;0,470327;816
0,352549;0,032318;0,000020;0,098877;0,268758;0,000071;0,005585;0,241821;817
0,392822;0,024963;0,000885;0,042887;0,033997;0,001088;0,065267;0,438090;818
0,264801;0,100464;0,000000;0,067698;0,352834;0,005269;0,000305;0,208628;819
0,344167;0,000427;0,011759;0,018646;0,033315;0,001109;0,006114;0,584462;820
0,539856;0,024740;0,000071;0,020182;0,055023;0,001363;0,005859;0,352905;821
0,455302;0,069356;0,000305;0,010162;0,029816;0,000254;0,033376;0,401428;822
0,186330;0,152334;0,000000;0,064056;0,151723;0,001139;0,133636;0,310781;823
0,396535;0,014760;0,001149;0,130442;0,098083;0,001200;0,010539;0,347290;824
0,550171;0,010376;0,003499;0,040283;0,048360;0,000427;0,035126;0,311757;825
0,524963;0,014557;0,025146;0,019511;0,080353;0,004883;0,000549;0,330037;826
0,471222;0,005636;0,000153;0,002462;0,000203;0,002513;0,000071;0,517741;827
0,409342;0,097605;0,000010;0,044017;0,058553;0,004537;0,000163;0,385773;828
0,416138;0,008525;0,010518;0,042480;0,028839;0,006287;0,006276;0,480937;829
0,342061;0,025157;0,028259;0,061198;0,114838;0,023509;0,029043;0,375936;830
0,459961;0,009206;0,000132;0,000112;0,000275;0,006165;0,000407;0,523743;831
0,492177;0,038890;0,000326;0,022542;0,002848;0,000102;0,022339;0,420776;832
0,259369;0,020386;0,000010;0,027608;0,052806;0,001658;0,163401;0,474762;833
0,333608;0,029154;0,000000;0,020905;0,155314;0,001038;0,058716;0,401265;834
0,386434;0,092346;0,001973;0,008108;0,102854;0,001322;0,041433;0,365529;835
0,572011;0,001760;0,000153;0,009145;0,029490;0,000173;0,005330;0,381938;836
0,433258;0,007202;0,002319;0,011932;0,057231;0,004547;0,024190;0,459320;837
0,496155;0,021291;0,000000;0,015900;0,013377;0,001200;0,000397;0,451681;838
0,245758;0,005290;0,000203;0,047607;0,030711;0,009878;0,001750;0,658803;839
0,396362;0,043732;0,000203;0,016022;0,017232;0,010966;0,014486;0,500997;840
0,464193;0,005412;0,000793;0,008291;0,030935;0,000051;0,004628;0,485697;841
0,553874;0,008860;0,001078;0,062571;0,000000;0,000010;0,000010;0,373596;842
0,497121;0,002828;0,000000;0,001129;0,000590;0,000132;0,000631;0,497569;843
0,441925;0,060852;0,000081;0,057322;0,139638;0,000010;0,054097;0,246073;844
0,468801;0,039663;0,007985;0,146912;0,006429;0,000326;0,006470;0,323415;845
0,220205;0,008993;0,017273;0,195251;0,044739;0,000031;0,112233;0,401276;846
0,431081;0,019775;0,000071;0,016022;0,000142;0,000092;0,000051;0,532766;847
0,407247;0,037343;0,000071;0,007609;0,210409;0,010854;0,040487;0,285980;848
0,385895;0,003103;0,003947;0,005147;0,036570;0,003988;0,018321;0,543030;849
0,609487;0,000315;0,001841;0,001689;0,004161;0,000661;0,002909;0,378937;850
0,555918;0,043355;0,000000;0,045848;0,009196;0,002625;0,002452;0,340607;851
0,417155;0,000326;0,000000;0,000417;0,033417;0,000539;0,014852;0,533295;852
0,514689;0,006276;0,018870;0,047557;0,000193;0,000092;0,012197;0,400126;853
0,502075;0,023814;0,000244;0,041189;0,056264;0,000041;0,006632;0,369741;854
0,430705;0,046946;0,004049;0,022451;0,043762;0,001801;0,042002;0,408285;855
0,429209;0,058339;0,000427;0,075317;0,051178;0,000153;0,089376;0,296000;856
0,439128;0,004445;0,000010;0,005493;0,017019;0,000417;0,003448;0,530039;857
0,442373;0,013875;0,000468;0,007467;0,024485;0,001282;0,024292;0,485758;858
0,436310;0,026978;0,000081;0,008555;0,032237;0,004272;0,068471;0,423096;859
0,426381;0,031362;0,001811;0,031413;0,032166;0,000682;0,050659;0,425527;860
0,339874;0,029175;0,000193;0,085683;0,059214;0,000061;0,251567;0,234233;861
0,444275;0,036835;0,014760;0,110830;0,009237;0,002736;0,007039;0,374288;862
0,529826;0,010091;0,000163;0,017660;0,002024;0,000142;0,024078;0,416016;863
0,415670;0,020325;0,012248;0,061971;0,022705;0,000590;0,101095;0,365397;864
0,688405;0,005127;0,000315;0,001129;0,006561;0,002238;0,000671;0,295553;865
0,376363;0,039286;0,005829;0,036835;0,146139;0,000020;0,004700;0,390828;866
0,550181;0,000834;0,000020;0,000356;0,002482;0,000163;0,000142;0,445821;867
0,421285;0,005778;0,000183;0,004578;0,020142;0,000153;0,024892;0,522990;868
0,588593;0,008403;0,000193;0,001577;0,020060;0,003092;0,003174;0,374908;869
0,453288;0,019206;0,000651;0,060923;0,059835;0,001648;0,022786;0,381663;870
0,289775;0,071889;0,000031;0,076945;0,141490;0,000173;0,158478;0,261220;871
0,512197;0,026866;0,000041;0,018056;0,106883;0,000793;0,000336;0,334829;872
0,364512;0,040100;0,000020;0,049469;0,075582;0,000254;0,063304;0,406759;873
0,367188;0,012105;0,039154;0,258525;0,008759;0,004059;0,000783;0,309428;874
0,409688;0,039958;0,018331;0,075999;0,075012;0,001455;0,080760;0,298798;875
0,324127;0,023163;0,000041;0,026845;0,026784;0,000315;0,143412;0,455312;876
0,410187;0,003967;0,000224;0,010203;0,046071;0,000580;0,011353;0,517415;877
0,370544;0,014872;0,011414;0,036469;0,103973;0,000000;0,047831;0,414897;878
0,356659;0,038055;0,000661;0,056600;0,140706;0,000570;0,051849;0,354899;879
0,425069;0,012451;0,000132;0,009623;0,029114;0,000254;0,067067;0,456289;880
0,388957;0,014750;0,000254;0,022725;0,097473;0,000173;0,051412;0,424255;881
0,332967;0,022125;0,005768;0,124919;0,113322;0,010162;0,100189;0,290548;882
0,379995;0,068990;0,021810;0,124959;0,037984;0,000987;0,029073;0,336202;883
0,477214;0,002940;0,000000;0,012004;0,048564;0,002401;0,018880;0,437998;884
0,361023;0,012421;0,000122;0,027557;0,121847;0,000387;0,000743;0,475901;885
0,310109;0,190786;0,000722;0,026906;0,003520;0,000051;0,177063;0,290843;886
0,476379;0,026479;0,000387;0,076558;0,020640;0,000163;0,021423;0,377970;887
0,381866;0,089793;0,001648;0,246450;0,001261;0,000498;0,036367;0,242116;888
0,401194;0,064494;0,000000;0,067342;0,012309;0,000407;0,097310;0,356944;889
0,547058;0,005198;0,002645;0,002838;0,028412;0,004018;0,004730;0,405101;890
0,401917;0,048706;0,000498;0,042898;0,041382;0,002004;0,018321;0,444275;891
0,344391;0,057526;0,000092;0,139079;0,101735;0,000081;0,125092;0,232005;892
0,474050;0,022217;0,000753;0,055033;0,024719;0,000977;0,046916;0,375336;893
0,396545;0,027313;0,002563;0,108765;0,071554;0,000264;0,081014;0,311981;894
0,335276;0,034821;0,004690;0,123891;0,050303;0,001475;0,077271;0,372274;895
0,425802;0,029948;0,000478;0,082926;0,033763;0,000509;0,037242;0,389333;896
0,382304;0,023926;0,000031;0,036723;0,095723;0,001160;0,027608;0,432526;897
0,508779;0,043142;0,016490;0,043793;0,012889;0,009013;0,089315;0,276581;898
0,417837;0,026703;0,000946;0,025096;0,052144;0,000529;0,029917;0,446828;899
0,419800;0,098958;0,028717;0,032450;0,003174;0,019145;0,019531;0,378225;900
0,324422;0,073079;0,000519;0,200755;0,056610;0,001109;0,118896;0,224609;901
0,455241;0,095378;0,015889;0,097056;0,000732;0,000224;0,013133;0,322347;902
0,412486;0,036397;0,003103;0,067637;0,021393;0,003092;0,021057;0,434835;903
0,545532;0,009847;0,004944;0,027781;0,066661;0,000732;0,017303;0,327199;904
0,469818;0,048381;0,010162;0,045624;0,008677;0,006805;0,012634;0,397898;905
0,374990;0,107208;0,028290;0,105296;0,024994;0,024424;0,021200;0,313599;906
0,390228;0,065948;0,027435;0,118907;0,054220;0,044942;0,031565;0,266754;907
0,412638;0,053986;0,022156;0,029683;0,015157;0,107666;0,029643;0,329071;908
0,383850;0,075236;0,019908;0,195821;0,006093;0,000346;0,005890;0,312856;909
0,465240;0,032969;0,049937;0,025126;0,016876;0,017588;0,007680;0,384583;910
0,416260;0,064056;0,019145;0,045359;0,049398;0,002909;0,042542;0,360331;911
0,303131;0,089427;0,017995;0,100067;0,014353;0,129628;0,013326;0,332072;912
0,266774;0,033600;0,002319;0,021820;0,013407;0,004120;0,007894;0,650065;913
0,423442;0,050618;0,006144;0,065704;0,013143;0,006816;0,022329;0,411804;914
0,387512;0,068461;0,005086;0,049866;0,030497;0,001231;0,043722;0,413625;915
0,506877;0,029622;0,002960;0,063690;0,078206;0,000264;0,037638;0,280741;916
0,474599;0,051249;0,014272;0,039591;0,011312;0,010610;0,026967;0,371399;917
0,462402;0,070170;0,023692;0,072540;0,026255;0,001190;0,043783;0,299967;918
0,379639;0,054118;0,017893;0,095144;0,009542;0,013743;0,025218;0,404704;919
0,337158;0,133230;0,025564;0,086721;0,025421;0,003367;0,013753;0,374786;920
0,424856;0,192373;0,025187;0,022766;0,001719;0,018453;0,043732;0,270915;921
0,454183;0,044708;0,024892;0,040476;0,004445;0,011281;0,013743;0,406270;922
0,387014;0,192261;0,044220;0,016683;0,029093;0,007904;0,029338;0,293488;923
0,453623;0,091939;0,022746;0,082560;0,030558;0,001943;0,054545;0,262085;924
0,493958;0,115387;0,008789;0,043538;0,007589;0,022807;0,011363;0,296570;925
0,344564;0,085551;0,008860;0,102275;0,056997;0,000529;0,020345;0,380880;926
0,392039;0,058594;0,025106;0,048269;0,015198;0,004496;0,009084;0,447215;927
0,563527;0,054860;0,005320;0,033101;0,007273;0,023763;0,015096;0,297058;928
0,526347;0,060608;0,017049;0,121541;0,007985;0,002553;0,011963;0,251953;929
0,420797;0,076894;0,068217;0,043508;0,008148;0,033437;0,033285;0,315715;930
0,437164;0,108643;0,009847;0,107290;0,006653;0,004852;0,014008;0,311544;931
0,380859;0,088257;0,015788;0,081228;0,005961;0,005839;0,015625;0,406443;932
0,404887;0,068380;0,012278;0,081950;0,006114;0,005076;0,027964;0,393351;933
0,427572;0,072723;0,005371;0,103231;0,006287;0,007029;0,009867;0,367920;934
0,460022;0,051636;0,010671;0,050090;0,042959;0,036641;0,028982;0,319000;935
0,386658;0,083964;0,032644;0,080292;0,008046;0,020264;0,016591;0,371541;936
0,424123;0,069895;0,022247;0,084208;0,007212;0,057465;0,023407;0,311442;937
0,402323;0,063110;0,009664;0,045268;0,003652;0,002533;0,011322;0,462128;938
0,426799;0,045695;0,014913;0,119425;0,008931;0,010915;0,008555;0,364766;939
0,432851;0,064921;0,012014;0,104635;0,040497;0,005737;0,016551;0,322795;940
0,400228;0,090190;0,019338;0,136068;0,004425;0,005646;0,005951;0,338155;941
0,408244;0,058594;0,030589;0,075785;0,007670;0,026764;0,009277;0,383077;942
0,523814;0,061808;0,012848;0,027181;0,008575;0,035095;0,007365;0,323313;943
0,405090;0,099630;0,012604;0,033020;0,003123;0,002106;0,009115;0,435313;944
0,342082;0,057454;0,035126;0,106679;0,086751;0,005320;0,023397;0,343191;945
0,437246;0,075673;0,010101;0,065765;0,003072;0,017812;0,007711;0,382619;946
0,338104;0,065257;0,005554;0,067220;0,028137;0,002909;0,053925;0,438894;947
0,335500;0,146667;0,006012;0,087657;0,191925;0,004608;0,030731;0,196899;948
0,496206;0,074117;0,004527;0,095907;0,027110;0,000671;0,021393;0,280070;949
0,485667;0,078318;0,006165;0,060537;0,005473;0,013580;0,040660;0,309601;950
0,494019;0,160024;0,028768;0,021922;0,000712;0,036245;0,012461;0,245850;951
0,565582;0,067851;0,003520;0,037577;0,002889;0,026754;0,008077;0,287750;952
0,498627;0,090678;0,009593;0,031921;0,018585;0,031281;0,075236;0,244080;953
0,505758;0,067057;0,014231;0,039347;0,020304;0,006551;0,027486;0,319265;954
0,432780;0,112193;0,011525;0,054799;0,007670;0,002960;0,010661;0,367411;955
0,436798;0,022085;0,016907;0,140361;0,052907;0,001862;0,014191;0,314891;956
0,369069;0,062144;0,016296;0,108673;0,023244;0,015310;0,027771;0,377492;957
0,478149;0,161397;0,010661;0,054138;0,001648;0,003693;0,005727;0,284587;958
0,574046;0,033834;0,002085;0,041402;0,017639;0,004690;0,003977;0,322327;959
0,411153;0,088420;0,001455;0,091919;0,019633;0,003255;0,020294;0,363871;960
0,318502;0,027852;0,000743;0,045705;0,014323;0,009501;0,014465;0,568909;961
0,380920;0,081187;0,010020;0,138723;0,014598;0,008270;0,010437;0,355845;962
0,505595;0,108012;0,020986;0,077677;0,007843;0,005096;0,013000;0,261790;963
0,474772;0,117147;0,030792;0,040965;0,005381;0,025523;0,040863;0,264557;964
0,479380;0,025269;0,010742;0,080475;0,031453;0,003194;0,002797;0,366689;965
0,462036;0,047892;0,018290;0,073405;0,034627;0,010549;0,036987;0,316213;966
0,349925;0,103973;0,025004;0,133799;0,013479;0,010040;0,007701;0,356079;967
0,444194;0,063894;0,001567;0,026062;0,015381;0,004262;0,233337;0,211304;968
0,564199;0,039449;0,009155;0,044047;0,001506;0,006673;0,000783;0,334188;969
0,565094;0,064270;0,024373;0,043254;0,005849;0,023326;0,014557;0,259277;970
0,438253;0,079519;0,004567;0,073883;0,017436;0,019094;0,026143;0,341105;971
0,305847;0,053538;0,001984;0,066813;0,011820;0,001119;0,016317;0,542562;972
0,210642;0,394897;0,039429;0,038228;0,003103;0,001719;0,053975;0,258006;973
0,379364;0,098317;0,007894;0,083364;0,048187;0,002675;0,030192;0,350006;974
0,472117;0,031962;0,008301;0,055654;0,016988;0,016907;0,025482;0,372589;975
0,406799;0,141113;0,011342;0,059652;0,015656;0,008545;0,039042;0,317851;976
0,372274;0,062358;0,012238;0,136790;0,015554;0,048187;0,030884;0,321716;977
0,461070;0,087118;0,038523;0,032237;0,004567;0,041107;0,019613;0,315765;978
0,473185;0,067098;0,009989;0,034485;0,009349;0,017955;0,009837;0,378103;979
0,331177;0,059713;0,066854;0,152476;0,011332;0,135966;0,015930;0,226552;980
0,462860;0,062002;0,009664;0,075460;0,046244;0,008016;0,025146;0,310608;981
0,546560;0,029053;0,013194;0,048564;0,077881;0,020416;0,015818;0,248515;982
0,552348;0,050486;0,018311;0,016561;0,002126;0,051025;0,023783;0,285360;983
0,326152;0,067759;0,008586;0,196421;0,027344;0,010569;0,015055;0,348114;984
0,324972;0,099792;0,019928;0,145935;0,038462;0,011973;0,039469;0,319468;985
0,307566;0,107849;0,016296;0,089742;0,008698;0,004822;0,019765;0,445262;986
0,320984;0,101817;0,010559;0,039998;0,003784;0,008118;0,062480;0,452260;987
0,432302;0,062561;0,007304;0,085327;0,019714;0,023295;0,028707;0,340790;988
0,341309;0,096344;0,023733;0,085978;0,036306;0,038859;0,027344;0,350128;989
0,395681;0,093770;0,018260;0,066569;0,017660;0,009593;0,041423;0,357045;990
0,319570;0,073039;0,002197;0,119141;0,024597;0,006897;0,045746;0,408813;991
0,349752;0,098185;0,025838;0,073608;0,026377;0,005361;0,016744;0,404134;992
0,399567;0,035960;0,012319;0,042511;0,016734;0,005829;0,007792;0,479289;993
0,398376;0,241119;0,004252;0,046285;0,005870;0,002228;0,072286;0,229584;994
0,338664;0,031057;0,001862;0,005310;0,015635;0,010356;0,018901;0,578217;995
0,350637;0,115458;0,004049;0,076375;0,002553;0,006999;0,036591;0,407338;996
0,339213;0,072469;0,003784;0,045329;0,001190;0,001027;0,002858;0,534129;997
0,559306;0,056356;0,005402;0,026184;0,003794;0,007914;0,010162;0,330882;998
0,423503;0,046855;0,010132;0,018697;0,004242;0,000834;0,008474;0,487264;999
